419704
181812
420809
512200
475557
449924
330457
453405
516700
593402
359724
466272
546554
486589
509967
297802
338967
496243
299536
423204
522938
920
431693
550
120
420818
536869
481084
268896
177572
465086
383498
398978
260513
27205
140607
473033
549053
269149
420817
540901
429617
11
384018
474350
297762
466081
284053
331482
671
458156
461130
181808
492188
637
118340
559969
348350
324857
122917
539892
578189
278
284054
531428
315635
501907
157336
290859
503919
537061
596302
245891
122
299534
152601
551332
299537
335984
597
287947
480105
12444
320288
567609
530915
405774
198663
694
399579
87101
321612
24428
373571
812
10014
950
210577
301528
85
