419704
181812
420809
512200
475557
449924
330457
453405
516700
593402
359724
466272
546554
486589
509967
297802
338967
496243
299536
423204
522938
920
431693
550
120
420818
536869
481084
268896
177572
465086
383498
398978
260513
27205
140607
473033
549053
269149
420817
540901
429617
11
384018
474350
297762
466081
284053
331482
671
458156
461130
181808
492188
637
118340
559969
348350
324857
122917
539892
578189
278
284054
531428
315635
501907
157336
290859
503919
537061
596302
245891
122
299534
152601
551332
299537
335984
597
287947
480105
12444
320288
567609
530915
405774
198663
694
399579
87101
321612
24428
373571
812
10014
950
210577
301528
85
259316
424694
484641
99861
155
680
335983
5825
466282
8392
129
78
262500
360920
19908
329865
22
263115
575094
607
150689
12429
514921
330459
217
515001
530385
528888
562
102651
11130
443791
338952
404368
93456
156022
228150
19995
101
242582
49017
8871
286217
505954
854
606856
68737
506574
244786
293660
131631
772
46853
1726
505948
353081
10191
313369
181533
150540
479455
620725
49521
257445
271110
9487
499701
601643
653522
431580
49026
603
10674
18
238636
4935
13
206647
419430
293167
73723
194662
491283
672
10144
540247
424783
109445
59961
272
332562
62177
38700
49051
257344
313297
351286
13004
10195
205596
102899
1893
1894
1930
10681
448119
411
141052
135397
324552
278927
98566
429
501170
339964
10020
32657
283995
16869
310
953
123553
487083
10895
7485
10882
58
350
36955
1579
813
9880
10193
166428
807
12230
346910
635339
8393
244761
47971
332210
646
127585
2976
450001
56292
581
531299
348
198184
398818
9325
345940
20352
449443
333339
508965
782
281957
71805
158852
524
82702
218
863
10515
294254
406994
8587
270946
238
439079
334543
621
447404
406563
45772
674
493922
363088
450465
1979
36557
9714
106646
339403
76338
566057
369972
9739
439015
290595
98
81
522627
861
557
1891
49047
627477
862
284052
606117
270303
372058
808
10527
224141
354912
8966
209112
578
121
348893
407655
504949
124905
207703
762
137113
1895
12445
260346
389
604165
8703
787
592689
338970
490132
346672
521777
497
1865
927
10545
573699
534
105
36647
1581
10140
16859
406990
575771
393624
1573
37724
412117
454619
428045
458723
280
675
525661
406997
604
11324
274857
16263
11360
10693
585
254470
157433
673
651
537915
24
574
2567
315837
523172
515195
300668
620683
10734
625719
891
283366
184315
76617
120467
926
267860
62211
63
102382
508
15144
605
187
9753
375262
307081
342473
343668
521
58595
13475
454983
1452
111
400535
325189
254
480530
140300
46195
655087
11549
62
127380
12092
460793
185
9741
157350
856
76341
341013
20497
57158
311
73
8656
28
126889
136799
425
401981
14
207933
459992
608
539
627
188161
346
38
4147
22705
12
556803
86331
401478
625489
68718
375588
2454
656844
535544
42184
1571
1417
522681
9479
1369
51739
10719
10555
631414
158015
616
857
4951
4922
47964
11284
630
533
402900
14836
364
241259
828
1366
668
119450
374720
44833
2062
9738
246655
91314
2758
274855
324849
205587
2105
1924
525
49013
391
64635
273671
353491
428078
544
1735
340104
954
8358
324852
956
241254
411088
339692
227159
1124
43074
513045
591
285
41439
456740
103
101411
399402
608812
240
11679
10138
128
454467
9806
240832
271718
50619
264660
369885
3035
10340
112160
50620
418827
938
670
504608
274854
189
106
496891
9023
41154
266647
830
9334
13285
9543
38757
1892
58574
147441
531309
95
335988
4247
9471
14160
935
329996
109451
282035
273248
551808
9902
44214
4977
1585
9361
80321
17979
265208
70981
9502
68735
407436
1370
49040
68721
197
75656
2907
77
1422
9732
440471
1398
767
400928
818
87
263132
335797
949
390043
216015
225886
15121
134375
61012
1487
2501
17578
324786
395992
381288
10112
89
637402
392044
458897
311324
10484
613183
7518
602
76
500
118
416194
22794
1368
400650
408
834
452832
638507
194
491418
339846
9654
115
440
565310
423
79
34433
527435
620
449176
359940
2019
600
39254
281338
267935
454640
110415
15512
442249
399404
378236
7131
280217
929
190859
9982
1538
353486
36586
273481
1738
76757
441282
297761
238713
3170
72105
8619
82690
7443
438650
48171
193893
26505
18360
792
395991
491584
788
4517
2978
9552
511987
769
169917
38575
38055
559
3131
207
214756
679
39108
395
948
252
1250
393
426
166424
141
417384
23483
11395
829
500664
634
13387
11970
1091
708
522162
9928
2503
455207
131634
504172
449562
24402
249397
652
7555
15165
268531
10510
293768
809
1724
745
1927
286532
5255
510
399174
296
287903
463821
166426
8009
1701
810
400045
571
11224
455761
176
1495
15969
365222
49519
18785
489
18239
347375
77338
611207
277216
505600
346685
213
9489
9896
8355
9373
8413
11808
419478
82695
159824
12155
543580
204082
2899
13377
11216
376530
5503
402
855
549559
2048
424
535292
744
10315
691
630913
169
3049
242512
9444
710
4348
448095
532321
5559
568
81188
268
28178
228967
8078
4248
2486
7191
6282
54138
10022
1374
467938
471968
252838
308531
955
10386
177677
479226
413362
426426
9693
12244
203801
484247
391713
9837
370172
64690
8916
1734
122906
10483
377
31011
211672
254128
11036
591237
11238
9340
71676
299687
14756
396422
36669
414
519010
1996
44251
11836
27578
504075
41513
427641
251
6479
438799
9350
11619
68724
11881
512196
260514
13183
652483
816
333484
446021
399035
11886
664
376659
747
180
49444
1771
553100
10999
80295
560445
22970
188222
9762
527641
12180
497698
508664
10661
11153
9016
1578
11674
277
396535
1949
9820
138832
8275
635744
567
447332
21448
565348
75612
49529
44896
8202
564
109418
455980
10764
107
20526
613080
262504
27022
26338
699
8914
475303
270774
164
76492
9836
503125
9335
16119
15472
3563
413658
318846
521029
4523
8077
424139
168672
13002
123025
238615
764
420814
567604
660
10781
7451
707
599845
149
16366
117
1018
87827
1089
13382
21385
700
154400
1371
1966
72190
487558
37430
201088
256961
533642
401469
712
10528
379149
329
460668
1562
36648
13767
11253
41216
153518
49018
522212
134
10865
647759
1572
9602
39514
609189
452507
146216
534259
204582
4488
517839
361292
50544
396371
34851
10474
